a = 5 : 8
linspace(1, 100, 10)